[gd_scene load_steps=6 format=2]

[ext_resource path="res://player.tscn" type="PackedScene" id=1]
[ext_resource path="res://Main.gd" type="Script" id=2]
[ext_resource path="res://Wall.tscn" type="PackedScene" id=3]
[ext_resource path="res://Main.tres" type="CubeMesh" id=4]

[sub_resource type="BoxShape" id=1]
extents = Vector3( 5, 1, 5 )

[node name="Main" type="Node"]
script = ExtResource( 2 )
Wall = ExtResource( 3 )

[node name="Ground" type="StaticBody" parent="."]
transform = Transform( 3, 0, 0, 0, 1, 0, 0, 0, 3, 0, -1, 0 )

[node name="CollisionShape" type="CollisionShape" parent="Ground"]
shape = SubResource( 1 )

[node name="MeshInstance" type="MeshInstance" parent="Ground"]
mesh = ExtResource( 4 )

[node name="DirectionalLight" type="DirectionalLight" parent="."]
transform = Transform( 1, 0, 0, 0, -0.73052, 0.682891, 0, -0.682891, -0.73052, -0.00139618, 29.2991, -0.0246582 )
shadow_enabled = true

[node name="player" parent="." instance=ExtResource( 1 )]
transform = Transform( 0.2, 0, 0, 0, 0.2, 0, 0, 0, 0.2, 0.409895, 0.16426, 0 )

[node name="CameraPivot" type="Position3D" parent="."]
transform = Transform( 1, 0, 0, 0, 0.866025, -0.5, 0, 0.5, 0.866025, 0, -2, -3.73205 )

[node name="Camera" type="Camera" parent="CameraPivot"]
transform = Transform( 1, 0, 0, 0, 0.21552, 0.976499, 0, -0.976499, 0.21552, 0.84676, 6.9506, 2.3086 )
fov = 70.0978
